1 20690.33 21966.00
2 20661.66 21652.25
3 20614.11 21265.41
4 20244.38 20893.16
5 19865.93 20587.19
6 19695.22 20313.18
7 19521.42 20030.94
8 18618.51 19773.99
9 18359.69 19580.78
10 18265.74 19341.30
11 18062.35 19111.08
12 17962.47 18823.88
13 17754.50 18500.09
14 17677.09 18087.14
15 17425.25 17842.19
16 17099.08 17574.71
17 16919.93 17323.95
18 16449.68 17175.80
19 16633.23 17026.48
20 16317.61 16902.99
21 16187.28 16640.53
22 15898.32 16460.98
23 15701.72 16264.32
24 15411.49 16168.25
