1 22255.96 23363.14
2 21736.28 22957.31
3 21569.75 22460.89
4 20742.92 22178.59
5 20729.52 21725.50
6 21302.11 21404.70
7 20022.95 21131.06
8 20451.48 20766.35
9 20123.52 20469.42
10 19557.68 20198.28
11 19179.32 19936.80
12 18941.42 19694.59
13 19121.48 19452.24
14 19121.48 19184.63
15 17961.86 18957.23
16 18436.28 18610.66
17 18249.22 18284.49
18 17962.24 18080.67
19 17649.77 17822.09
20 17383.67 17680.90
21 17254.31 17549.07
22 16936.37 17384.50
23 16916.47 17079.05
24 16411.52 16907.53
25 15977.35 16747.77
26 16191.87 16545.20
27 15904.88 16350.46
28 15604.30 16193.73
29 15347.53 15966.00
30 15275.37 15716.80
31 15366.95 15470.19
32 15027.14 15221.54
33 14603.82 14935.86
34 14573.85 14687.03
35 14047.67 14482.38
36 13585.15 14244.44
37 13585.15 14012.41
38 13236.63 13851.03
39 13247.33 13662.49
40 13090.08 13514.15
41 12798.41 13394.70
42 12798.41 13249.87
43 12483.69 13141.23
44 12307.64 12963.00
45 12155.59 12806.08
46 11826.92 12581.51
47 11630.20 12350.82
48 11505.39 12148.32
49 11180.99 11940.99
