1992.70
1    1    105.36    71    0 43 13 41
1    2     69.21    75    0 47 19 18
1    3    114.41    80    0 33 42 4 40
1    4    180.23    79    0 24 37 44 25 45 17
2    1    118.56    75    0 26 43 37
2    2     72.72    75    0 32 28 6
2    3    135.94    87    0 31 32 11 47 15 45
2    4     82.71    76    0 47 5 23
2    5    152.58    77    0 24 45 25 12
2    6     60.19    79    0 12 46 8 27
2    7    102.50    80    0 7 18 24
2    4     74.58    53    0 14 48 22 1
3    1    202.86    80    0 39 31 45 16 9 11
3    2     54.08    78    0 49 30 33
3    3     35.96    73    0 38 9 34 9
3    4     78.12    73    0 50 5 9 10 34
4    1    117.53    76    0 8 50 20 16
4    2     55.27    77    0 35 2 21
4    3    179.90    79    0 31 34 3 28 29 36
