674.06
1    1     44.67   129    0 75 68 6 51 17 26 67
1    2     58.70   138    0 2 4 27 52 46 34
2    1     50.56   134    0 29 45 30 74 21 47 5
2    2     84.56   125    0 48 69 36 71 60 70 20 37 15 57
3    1     48.52    69    0 35 8 13 54 19
3    2     73.58   133    0 7 58 10 31 38 53
3    3     57.53   138    0 14 59 66 65 11
4    1     46.05   123    0 32 9 39 72 12 40
4    2     87.79   135    0 3 44 50 25 55 18 24 49 16
5    1     69.07   113    0 42 64 22 61 28 62
5    2     53.04   127    0 1 73 33 63 23 56 41 43
