1804.34
101    1    290.09    94    0 25 23 6 21 56 96 14 24 42
101    2    165.28    93    0 54 87 22 61 75
101    3    483.40   100    0 99 53 44 17 4 38 74 2
101    4    299.42    79    0 89 91 40 26 16 73
101    5    317.35    98    0 39 5 59 43 60
101    6    253.77    68    0 97 98 86 84 55
101    7    161.05    99    0 85 41 57 13
101    8    375.70    97    0 67 100 58 12 92 15
101    9    102.98    99    0 94 37 95 93
101   10     50.60    50    0 72
102    1    189.99    66    0 32 33 11 35 18
102    2    174.36    93    0 48 19 65 8 83
102    3    148.74    96    0 47 34 9 79 10
102    4    226.44    91    0 71 88 46 36 52 45 7 70 81
102    5    257.18    96    0 27 76 66 90 50 3
102    6    326.56    90    0 30 29 80 63 1 77 51
102    7    106.64    91    0 31 20 62 68
102    8    413.85    89    0 82 49 78 28 69 64
