1803.61
101    1    137.13    95    0 97 100 60 45 89 98 92 61 43
101    2    171.77    99    0 96 14 17 93 5 99
101    3    200.77   100    0 87 57 8 15 18 6 16 38
101    4    135.92    97    0 44 13 84 59 46 95
101    5     48.68    81    0 42 85 86
101    6    105.57    48    0 94 83 37 91
102    1     73.23    71    0 29 4 72 75
102    2    191.73    82    0 39 56 80 21 53
102    3    161.08   100    0 68 73 25 12 2 41 54
102    4    247.94    99    0 24 67 26 58 22
102    5    163.69    57    0 23 74 55 40
103    1    161.00    89    0 27 78 77 50 35 28 62
103    2    313.91    96    0 71 49 11 76 3
103    3    482.20    95    0 79 32 1 36 9 64
103    4    243.75    98    0 30 48 90 88 19 69
103    5    369.07    87    0 34 10 52 33 47 7
103    6    185.17    90    0 65 66 20 81 70
103    7    219.68    73    0 82 51 31 63
