1803.13
101    1    149.45    96    0 16 8 47 96 45 60 91 98
101    2    124.90    97    0 93 83 18 48 38
101    3    224.59   100    0 82 36 84 44 59 61
101    4    110.08    82    0 89 6 46 17 5 86
101    5     57.98    59    0 85 99
102    1    182.02    92    0 54 35 55 12 79 78 28 24
102    2    345.10    97    0 3 4 76 29 34 25 33 80
102    3    160.76    99    0 26 67 81 39
102    4     34.74    86    0 77 68
103    1    117.60    88    0 23 43 94 72
103    2    372.20    99    0 75 97 42 73 53 14 41 37
103    3    272.81    84    0 22 92 56 95 100 57 2
103    4    201.39    93    0 87 21 40 74 13 15
103    5     24.33    36    0 58
104    1    175.37    96    0 70 50 7 1 27 63 20 62 52
104    2    156.89    96    0 11 64 10 69 32 49
104    3    128.85    88    0 51 19 30 66 71
104    4    294.61    78    0 9 88 31 65 90
