6290.77
1    1    308.47   481    0 198 71 229 1 31 205 221 129 61 90 30
1    2    248.33   461    0 27 173 207 19 33 234 72 213 112 190
1    3    239.50   486    0 57 203 193 125 228 53 206 65 83 217
1    4    265.33   442    0 177 135 16 38 66 238 13 101 82
1    5    285.18   486    0 163 103 168 47 55 24 40 127 147 32 233 237
1    6    222.28   444    0 146 84 75 59 181 52 249 131 214
1    7    292.90   485    0 73 79 209 108 99 231 142 185 166 96
1    8    199.60   462    0 204 191 5 133 211 130 49 12 124 137 18 54
1    9    271.76   475    0 102 67 51 134 201 78 175 242 223
1   10    306.29   500    0 26 114 8 118 123 3 132 97 219 69
1   11    166.79   500    0 224 225 80 113 194 197 42 10 11 241 235
1   12    184.42   491    0 64 148 9 153 167 89 248 121 106 189 230
1   13    227.85   497    0 56 122 43 170 183 150 220 36
1   14    299.54   497    0 62 39 176 136 226 17 157 2 58 195
2    1    269.27   472    0 141 104 126 116 37 236 86 245 46
2    2    202.73   470    0 28 34 95 182 35 239 184 144 120 22
2    3    307.44   489    0 246 7 164 81 244 138 21 172 140 179 161 93 50
2    4    212.70   492    0 91 151 94 149 119 218 192 152 25
2    5    267.68   474    0 23 196 63 216 178 210 41 110 109
2    6    222.42   482    0 215 74 186 100 145 160 156
2    7    307.42   498    0 188 87 70 232 68 139 202 155 76 154 115 4 208
2    8    205.77   480    0 6 165 222 85 117 240 98 107 14 128
2    9    215.48   482    0 200 187 45 212 247 88 77 143 174
2   10    206.92   492    0 243 15 162 171 169 111 180
2   11    277.48   489    0 199 44 105 29 159 158 60 20 227 92
2   12     77.25    79    0 48
