6318.03
250    1    334.42   137    0 14 161 144 22 159
250    2    344.80   127    0 218 24
250    3    240.20   153    0 117 93 67
250    4    299.75   149    0 119 141 15
250    5    300.84   163    0 126 60 59 210
250    6    237.03   111    0 180 75 51
250    7    348.17   128    0 156 127
250    8    261.62   124    0 91 120 134
250    9    262.84   213    0 25 236 201
250   10    354.17   285    0 200 109 97 143 181 16
250   11    247.84   108    0 63 77 199 52
250   12    290.15    87    0 105 78
250   13    216.99    55    0 94 208
250   14    426.68   389    0 40 98 92 174 136
250   15    354.55   305    0 147 246 48 196 46
250   16    286.44   167    0 184 23 192
250   17    224.64   269    0 162 243 212
250   18    361.79   166    0 32 179 37 29 165
250   19    406.07   286    0 86 222 227 6 233
250   20    280.72    83    0 44 169 151
250   21    239.56   142    0 110 245
250   22    156.68    64    0 226 176
250   23    233.57   164    0 247 50 239
250   24    267.62   431    0 45 187 132 85 178 240
250   25    303.78   141    0 128 41 219 152
250   26    263.42   171    0 107 111 149
250   27    304.22   136    0 20 116 88
250   28    233.77   221    0 171 158 102
250   29    202.39   116    0 216
251    1    284.11   286    0 225 9 18 217 167
251    2    364.77   424    0 137 224 36 69 11 114 89
251    3    321.42   255    0 146 214 125 238 54
251    4    298.80   254    0 163 65 248 194
251    5    172.68   107    0 82 47
251    6    274.92    86    0 228 237 66
251    7    352.59   123    0 173 55 13 203 223
251    8    270.57   187    0 198 241 112 135
251    9    333.99   178    0 113 121 84
251   10    283.57   293    0 56 3 38 175
251   11    310.74   218    0 249 189 157 83 27
251   12    258.82   265    0 197 42 103 195 131
251   13    279.21   188    0 177 53 170 62
251   14    246.61   186    0 26 206 8 204 58
251   15    340.51   144    0 80 96 235 190 123
251   16    376.34   354    0 43 183 122 57 193 153 10
251   17    217.83   270    0 2 150 230 168 101
251   18    371.60   261    0 17 73 220 106
251   19    199.59   162    0 148 64 242 39 118
252    1    259.45   148    0 182 191 99
252    2    264.80   141    0 79 130 87 95
252    3    213.92   202    0 4 81 68 72 232
252    4    301.87   181    0 104 108 124
252    5    355.60   255    0 34 207 205 145 76
252    6    339.66   139    0 185 234 90 35
252    7    320.55   300    0 21 70 139 1 129 142 172
252    8    235.89    39    0 7 213 74 5
252    9    316.46   152    0 164 229 155 140
252   10    316.46   339    0 221 202 244 19 71
252   11    223.43   349    0 186 100 160 33 31
252   12    206.55   102    0 28 215
252   13    352.02   187    0 231 138 209 133 115 30
252   14    196.48   238    0 61 49 211 154
252   15    288.43    91    0 166 188 12
