5715.72
250    1    290.35   370    0 98 134 97 117 132
250    2    273.41   152    0 88 22 67
250    3    325.49   302    0 180 105 92 63 210
250    4    297.10   328    0 200 6 179 48 227 85
250    5    257.89   118    0 107 109 77
250    6    318.90   315    0 171 60 187 165 243
250    7    244.12   114    0 110 247
250    8    340.21   173    0 20 169 199 159
250    9    249.15   190    0 37 161 128 51
250   10    338.51   224    0 126 91 216 44 14 178 41
250   11    328.77   166    0 116 240 120 158
250   12    224.75   194    0 45 50 222 181
250   13    312.24   213    0 212 236 23 143 174 29 93
250   14    215.86   254    0 111 46 196
251    1    265.54   120    0 16 226 26
251    2    282.70   230    0 42 135 238 157 175
251    3    246.59   191    0 62 233 125 15
251    4    305.20   331    0 13 224 167 101 225 168
251    5    247.29   295    0 32 201 11 43 197 131
251    6    343.93   432    0 194 84 163 223 38 57 24
251    7    328.09   256    0 118 235 102 47 66 193 64
251    8    205.16   166    0 176 75 249 162
251    9    309.17   179    0 121 3 55
251   10    350.26   134    0 123 56 242 127 122 80
251   11    261.46   153    0 190 69 147
251   12    245.90   130    0 219 136 203 52
251   13    293.00   341    0 241 17 113 59 237 214
251   14    264.56   179    0 177 103 153
251   15    286.15   146    0 40 39 89
251   16    270.36   264    0 82 9 248 10 148
251   17    257.39   159    0 146 114 78
252    1    267.56   123    0 166 83 211 31
252    2    238.78   380    0 137 204 191 72 61 12 33
252    3    246.48   287    0 206 183 54 36 207
252    4    265.88   153    0 195 49 189
252    5    257.26   132    0 90 185 1 229
252    6    281.65   247    0 5 173 19 96 30 150
252    7    258.81   220    0 130 8 2 65
252    8    325.59   177    0 213 230 124 170
252    9    329.92   112    0 217 71 27 53
252   10    255.27   173    0 129 18 106
252   11    292.64   221    0 79 133 228 220 205
252   12    259.69   283    0 73 112 58 221
252   13    123.22   152    0 198
253    1    235.02   140    0 81 7 149
253    2    236.76   227    0 215 140 246 218
253    3    259.34   274    0 186 209 184 145
253    4    324.87   322    0 164 155 202 172 108 232
253    5    255.60    49    0 151 152 76
253    6    316.69   227    0 119 21 192 160
253    7    286.06   310    0 234 141 154 138 100
253    8    254.18   232    0 94 156 99 244
253    9    275.39   244    0 245 35 239 4 208
253   10    280.68    90    0 70 68 34 87 74
253   11    330.36   118    0 144 231 104
253   12    172.66   147    0 142 139 188
253   13    307.34   413    0 86 25 28 182 95 115
