5014.19
250    1    305.64   279    0 143 222 105 20 97 23 116
250    2    282.25   262    0 22 45 85 107 128 165
250    3    288.88   259    0 60 117 110 16 236
250    4    346.75   272    0 158 196 132 120 126
250    5    330.35   284    0 200 178 98 199 6 179
250    6    242.54   206    0 29 109 174 210 181
250    7    280.67   118    0 44 141 41 161
250    8    220.82   374    0 169 243 37 227 171
250    9    288.14   348    0 14 48 92 25 212
250   10    162.36   148    0 111 240
251    1    285.44   151    0 84 225 78 11
251    2    266.91   327    0 40 42 136 15 32 219
251    3    262.54   133    0 10 52 146 238
251    4    293.00   333    0 67 131 17 127 103 168
251    5    266.20   121    0 51 75 175 55 122 194
251    6    292.86   243    0 233 162 134 176 39 47 56
251    7    278.56   370    0 147 223 102 66 226 201
251    8    234.62   310    0 43 242 214 59 24
251    9    361.38   280    0 241 159 38 113 80 197
252    1    288.63   265    0 46 35 188 192 160 246
252    2    239.37   323    0 94 180 63 247 216
252    3    319.17   123    0 76 245 4
252    4    302.78   305    0 77 119 88 144 156 218 182 87
252    5    349.91   367    0 149 239 93 208 164 91 86
252    6    372.09   334    0 187 34 152 50 28 154
252    7    266.63   165    0 151 7 184 95
253    1    337.97   298    0 157 195 9 64 54 248
253    2    312.71   422    0 217 163 121 137 190
253    3    303.32   141    0 62 58 167 123
253    4    253.82   218    0 224 57 118 203
253    5    298.60   258    0 36 206 83 27 101 177 89
253    6    312.12   244    0 198 2 204 153 135
253    7    261.91   164    0 65 53 193 148 26 228
253    8    191.75   171    0 235 82 189
253    9    365.99   412    0 3 220 8 125 73 96
253   10    275.14   296    0 183 69 170 173 114
253   11    281.61   185    0 18 106 237 112
253   12    238.95   232    0 150 230 249 13
254    1    272.32   173    0 115 124 186
254    2    275.40   323    0 49 185 21 19 139
254    3    293.76   182    0 30 100 71 140
254    4    300.66   199    0 213 202 155 229
254    5    297.41   162    0 81 145 68 5 231
254    6    310.73   219    0 209 215 234 138 108
254    7    252.49   296    0 79 72 129 104 133
254    8    323.76   226    0 232 90 166 142 70
254    9    263.18   223    0 74 33 207 61 221
254   10    285.27   243    0 172 12 99 205 191
254   11    311.77   155    0 244 31 211 1
254   12    136.00    34    0 130
