2705.02
81    1    151.09     9    0 34 14
81    2    144.85     8    0 24 19
81    3    250.11    11    0 31 11 33
81    4    167.24    18    0 21 8 30
81    5    120.00    10    0 13 28
81    6    195.05     5    0 40 18
81    7    271.47    22    0 38 15 1 39
81    8    173.86    30    0 26 5 7 22
81    9    247.19     8    0 29 20 27
81   10    185.02    21    0 6 12 35
81   11    199.33    38    0 4 23 3 9 25
81   12    177.87     5    0 37 17
81   13    207.65    11    0 32 16 36
81   14     80.00    28    0 2 10
82    1    209.62    10    0 60 58 70
82    2    193.42    17    0 62 42 77
82    3    204.72    19    0 55 71 53 76
82    4    113.14    14    0 43 67
82    5    213.67     3    0 68 80
82    6    224.90    15    0 45 66 78
82    7    165.58    34    0 46 49 57 65 51
82    8    241.42     2    0 75 73
82    9    163.59    33    0 44 48 79 50
82   10    188.48    17    0 64 47 74
82   11    196.08    16    0 54 59 63
82   12    193.01    22    0 61 52 56 69
82   13    141.42    14    0 72 41
