3004.67
81    1    120.00    10    0 13 28
81    2    198.77    25    0 39 15 1 19
81    3    161.70     3    0 38 31
81    4    162.46    17    0 37 3 20
81    5    245.40    38    0 32 9 6 5 21
81    6    155.95    20    0 8 22 18
81    7    158.81    13    0 4 40
81    8    202.73    14    0 17 10 30
81    9    170.71     2    0 33 36
81   10    170.94    30    0 2 29 7 24
81   11    209.71    18    0 25 16 14
81   12    113.14    10    0 11 27
81   13    176.73     9    0 12 35
81   14    100.00     3    0 34 26
81   15    120.00     8    0 23
82    1    141.42     3    0 73 65
82    2    144.97    21    0 53 48 76
82    3    156.57    22    0 49 66 55 63
82    4    149.02    20    0 51 50 64
82    5    177.87     5    0 79 59
82    6    158.31    17    0 47 58 77
82    7    142.43    24    0 52 45 57
82    8    161.70     3    0 78 68
82    9    113.14    10    0 56 72
82   10    131.23    18    0 44 71 61
82   11    161.70     3    0 80 69
82   12    149.02    26    0 46 41 70
82   13    136.57    40    0 42 43 54 62 60
82   14    170.71     2    0 75 74
82   15    113.14     2    0 67
