1714.24
161    1    752.25    60    0 23 27 2 20 39 9 26 18 30 19 7 36 21
161    2    456.85    59    0 13 29 40 25 10 8 1 14 31 22
161    3   1399.69    58    0 17 24 4 11 28 35 5 6 33 37
161    4    860.50    42    0 12 34 16 15 3 38 32
162    1    331.82    55    0 58 64 46 76 41 49 68 48
162    2    883.34    57    0 55 44 59 61 71 63 80 69 57 53
162    3   1239.84    56    0 43 75 45 67 70 50 42 60 74 79
162    4   1357.86    58    0 51 73 65 54 47 78 72 56 62 66 52 77
163    1    730.27    54    0 117 97 93 86 104 111 106 108 95 107 91 120
163    2    335.69    50    0 82 100 116 115 98 89 94 85
163    3    997.92    59    0 88 110 99 102 83 96 118 92
163    4   1329.45    53    0 81 109 105 113 112 90 87 119 101 114 103
163    5     40.00    24    0 84
164    1    547.43    56    0 129 147 144 135 146 121 141 124 157 159 151
164    2   1774.20    55    0 123 148 142 155 158 160 137 130 126 154 156 139
164    3    777.43    56    0 125 122 149 145 140 128 131 152
164    4    427.16    55    0 134 136 133 150 153 138 143 127 132
