5309.61
161    1    177.87     5    0 19 39
161    2    170.71     2    0 36 33
161    3    198.88    30    0 10 12 5 30
161    4    141.42     3    0 32 40
161    5    137.68    13    0 15 24 37
161    6    186.01    12    0 31 13 27
161    7    205.48    56    0 2 16 8 14 3 20
161    8    219.18    18    0 26 28 6 29
161    9    168.19    44    0 18 4 7 17 1
161   10    217.83     3    0 35 25
161   11    196.08    16    0 21 22 11
161   12    232.51     2    0 34 38
161   13    112.14    12    0 9 23
162    1    199.51    12    0 60 59 64
162    2    238.33    26    0 70 58 46 56
162    3    246.55    15    0 80 41 71
162    4    143.25    16    0 66 43 69
162    5    154.05    26    0 62 68 44 53
162    6    206.55    14    0 67 57 51
162    7    154.56     5    0 63 78
162    8    201.38    29    0 52 47 50 73
162    9    194.84    22    0 42 76 55 79
162   10    167.19     6    0 61 65
162   11    203.85    34    0 45 48 49 72
162   12    197.99     9    0 54 75
162   13    170.71     2    0 77 74
163    1    148.10    10    0 107 89
163    2    218.51    14    0 117 83 115
163    3    166.79    36    0 81 97 95 103 92
163    4    194.99    26    0 109 88 100 91
163    5    213.67     3    0 120 106
163    6    181.42    22    0 102 94 96 112
163    7    237.48     9    0 98 101 113
163    8    125.76    36    0 85 87 99 90
163    9    217.83     3    0 118 105
163   10    196.51    32    0 82 108 84 111 104
163   11    147.80     3    0 119 110
163   12    170.71     2    0 116 114
163   13    131.53    28    0 86 93
164    1    136.57     4    0 146 149
164    2    154.56     5    0 140 153
164    3    196.96    49    0 123 125 124 121 158
164    4    187.19    18    0 122 143 145
164    5    206.19    18    0 134 141 151 144
164    6    113.14     6    0 142 150
164    7    127.80     6    0 138 147
164    8    200.00     4    0 148 156
164    9    141.42     9    0 136 160
164   10    202.03    32    0 126 131 135 137
164   11    237.33    34    0 128 154 127 133 157
164   12    140.00     9    0 130 159
164   13    205.02    17    0 155 132 129
164   14    169.71     6    0 152 139
