5809.70
161    1    181.93    12    0 20 18 24
161    2    123.85     9    0 15 36
161    3    228.70    26    0 11 23 2 25
161    4    154.03     3    0 37 31
161    5    151.09     9    0 9 39
161    6    121.29    24    0 13 10 14
161    7    254.56     3    0 27 38
161    8    128.48     5    0 34 19
161    9    195.60     5    0 17 35
161   10    150.49    48    0 7 12 22 5 6
161   11    167.19     6    0 30 21
161   12    159.81    22    0 28 16 1
161   13    282.84     2    0 33 40
161   14    173.84    28    0 4 26 8 29
161   15    129.02    14    0 3 32
162    1    140.42    24    0 48 49 61
162    2    226.27     5    0 75 62
162    3    120.00     6    0 63 68
162    4    242.71    17    0 59 41 80
162    5    198.88    11    0 54 74 67
162    6    124.72    22    0 47 66 53
162    7    141.42     3    0 78 70
162    8    185.46    14    0 57 55 69
162    9    150.78    17    0 79 56 52
162   10    114.34    20    0 51 50 60
162   11    177.87     5    0 64 76
162   12    226.27     4    0 65 72
162   13    176.60    27    0 43 77 45 71
162   14    196.36    29    0 44 58 42 73
162   15     56.57    24    0 46
163    1    177.87     5    0 102 117
163    2    160.00     5    0 98 119
163    3    119.81    18    0 81 106 99
163    4    203.53    33    0 118 82 89 84
163    5    254.56     3    0 105 120
163    6    176.73    22    0 88 103 100 110
163    7    140.64    30    0 87 94 111 90
163    8    193.14     6    0 112 109 107
163    9    151.09     9    0 91 116
163   10    241.42     2    0 115 113
163   11    128.48    24    0 92 85 104
163   12    114.05     6    0 97 108
163   13    158.32    52    0 93 83 101 95 96 86
163   14    100.00     1    0 114
164    1    141.42     1    0 158
164    2    141.42     9    0 129 153
164    3    130.62    14    0 134 148 142
164    4    154.56     5    0 141 155
164    5    205.06     3    0 152 156
164    6    184.83    18    0 138 132 151 144
164    7    193.14     4    0 145 147
164    8    110.99    13    0 125 154
164    9    190.71    33    0 136 121 124 157
164   10    157.30    21    0 126 135 160
164   11    162.43    10    0 140 143 149
164   12    243.47    26    0 139 127 133 150
164   13    176.48    46    0 137 130 146 122 123 131
164   14    105.37    13    0 128 159
