2520.11
241    1    360.21    59    0 6 20 32 40 2 16 21 18 7
241    2    495.66    60    0 25 17 23 10 35 3 4 38 15 12
241    3    478.25    59    0 11 31 26 14 36 8 1 27 5
241    4   1579.49    42    0 22 24 39 33 9 28 37 13 34 29 30 19
242    1    442.68    59    0 52 44 42 61 60 78 57 45 70
242    2    762.36    55    0 66 51 73 43 64 48 46 68
242    3   1547.78    58    0 55 56 49 58 69 53 50 65 62 80 76 67 79
242    4   1139.14    48    0 54 72 71 77 41 74 59 63 47 75
243    1    668.30    51    0 82 111 81 98 105 114 110 115 119 104 112 93
243    2    878.91    55    0 84 100 89 83 120 103 106 101 97
243    3    924.39    53    0 87 94 91 107 113 88 108 99
243    4    381.17    55    0 85 102 86 96 95 118 109 92
243    5    447.70    11    0 90 116 117
244    1    556.95    56    0 126 121 155 136 130 156 139 150 129
244    2    621.84    53    0 135 160 145 147 131 151 140 141 125 152 133
244    3    647.27    58    0 134 159 146 127 157 144 158 154 143 142 132 124
244    4    841.67    50    0 123 148 137 149 138 122 128 153
245    1   1194.93    53    0 197 165 169 192 190 195 194 200 179 182 177 176 186 191 193
245    2   1134.37    59    0 172 181 196 198 199 162 188 170 167 189 180
245    3    208.87    56    0 163 183 161 173 164 174
245    4    793.63    56    0 168 171 166 178 187 185 175 184
246    1    507.26    57    0 226 209 213 216 206 219 231 234 211 223
246    2    973.72    59    0 210 220 205 221 232 233 212 202 222 228
246    3   2147.02    57    0 217 229 238 237 236 227 218 208 235 225 214 224 240 207 239
246    4    381.15    58    0 201 230 204 215 203
