8014.96
241    1    120.74    12    0 22 10
241    2    213.67     3    0 38 26
241    3    203.67    14    0 30 9 23
241    4    212.91    26    0 28 19 16 6
241    5    186.01     4    0 29 25
241    6    170.71     4    0 37 39 31
241    7    241.42     2    0 35 40
241    8    255.05     9    0 20 21 33
241    9     94.05    56    0 3 13 1 2 4
241   10    187.80    23    0 7 15 34 27
241   11    113.14    14    0 8 32
241   12    212.33    28    0 18 14 5 17
241   13    200.00    10    0 12 36
241   14    121.70    12    0 24 11
242    1    144.81    17    0 46 63 76
242    2    201.62    34    0 56 42 43 70
242    3    138.31     5    0 60 79
242    4    127.80     6    0 58 65
242    5    196.25    20    0 69 49 68 50
242    6    257.70    11    0 80 55 67
242    7    243.43    29    0 51 47 53 73
242    8    189.39    13    0 54 74 61
242    9    215.97    15    0 75 45 71
242   10    217.83     3    0 78 72
242   11    189.02    28    0 41 52 64 59
242   12    206.15    17    0 77 57 48
242   13    169.82    18    0 62 66 44
243    1    167.19    18    0 85 101 110
243    2    187.52    17    0 90 94 117
243    3    257.70    15    0 115 88 107
243    4    159.19    24    0 84 91 102
243    5    169.71     6    0 99 105
243    6    166.50    17    0 83 98 119
243    7    181.70    30    0 97 81 86 106
243    8    129.93    20    0 93 104 92
243    9    198.99    22    0 112 87 103 100
243   10    272.95    11    0 113 96 108
243   11    205.33    22    0 89 114 82 116
243   12    213.67     3    0 118 109
243   13    161.70    11    0 120 111 95
244    1    141.42     1    0 153
244    2    195.60     5    0 160 139
244    3    205.06     3    0 159 147
244    4    176.60    27    0 128 157 125 151
244    5    160.55    32    0 123 141 122 142
244    6    211.53    22    0 129 149 143 130
244    7    165.50    13    0 140 134 158
244    8    143.07    26    0 121 127 150
244    9    167.78    14    0 146 144 135
244   10    232.51     2    0 155 156
244   11    241.82    30    0 145 136 124 131
244   12    240.11    34    0 152 132 126 138 133
244   13    128.48     5    0 137 154
244   14    160.00     4    0 148
245    1    158.13    46    0 167 165 161 188 173
245    2    247.19    13    0 174 178 198
245    3    203.62    30    0 187 163 175 171
245    4    233.56    14    0 177 183 189 179
245    5    162.46    17    0 196 166 181
245    6    130.71    10    0 190 182 180
245    7    195.60     5    0 195 184
245    8    189.30    11    0 186 176 197
245    9    257.70    11    0 193 172 192
245   10    223.35    34    0 199 164 170 162 194
245   11    186.01     4    0 191 185
245   12    141.42    13    0 168 200
245   13    113.14    16    0 169
246    1    193.14     4    0 227 225
246    2    139.51     8    0 221 222
246    3    234.05    14    0 235 201 234
246    4    175.15     9    0 211 240
246    5    221.72    48    0 203 208 210 229 205 226
246    6    127.80     6    0 223 230
246    7    233.51    25    0 216 236 204 224
246    8    231.48    13    0 215 219 233
246    9    159.40    19    0 206 239 228 220
246   10    244.72    19    0 237 212 213 231
246   11    134.34    24    0 209 207 218
246   12    217.83     3    0 238 232
246   13    125.33    24    0 214 217 202
