3827.33
361    1    488.74    52    0 13 4 3 33 29 14 22 36 19
361    2   1552.25    59    0 6 18 38 31 34 1 32 23 9 40 11 28
361    3    535.64    59    0 21 20 26 17 37 15 2 10 25 27 5
361    4    865.90    60    0 16 39 24 12 30 35 7 8
362    1    633.74    60    0 72 54 64 71 76 69 63 56 47 61 74 51 59
362    2    469.52    59    0 45 68 42 60 43 57 66 77 65 49
362    3    380.47    60    0 70 52 41 44 79 48 46 80
362    4   1010.57    45    0 73 50 62 55 78 58 67 75 53
363    1    511.88    54    0 107 93 98 99 117 83 120 86 105 92
363    2    670.53    57    0 84 106 112 100 104 91 101 102 88 115 97
363    3    915.97    54    0 96 95 108 81 85 89 113 119 116
363    4   1147.95    54    0 94 118 90 114 103 82 111 87 109 110
364    1    947.89    60    0 126 131 157 145 132 141 149 160 148 144 153 152 121 159
364    2    471.24    60    0 143 146 129 128 156 124 133 123 158
364    3    520.97    49    0 150 154 140 135 137 151 130 134 127
364    4    997.20    51    0 122 155 136 138 142 147 125 139
365    1    198.55    50    0 162 173 163 189 181 169 177
365    2   1644.97    54    0 165 193 199 197 195 187 184 185 179 190 175 164 186
365    3    471.39    50    0 161 171 168 167 178 196
365    4   1128.40    57    0 166 176 172 192 170 194 182 188 183 180 191
365    5    550.31    11    0 174 200 198
366    1    660.89    59    0 234 226 210 225 214 223 233 219 229 227 202 235 204
366    2    600.16    60    0 203 207 237 224 218 222 232 209 213 239 220
366    3    918.64    60    0 211 212 201 205 230 238 206 240 228
366    4    602.08    47    0 216 208 231 221 217 236 215
367    1    576.41    53    0 280 255 258 251 242 264 243 279 278 265
367    2    564.02    58    0 253 245 259 257 247 268 250
367    3   1113.51    53    0 241 267 270 248 262 273 249 254 266
367    4    635.14    58    0 246 252 256 263 276 272 271 269 277 260 274 275 244
367    5    120.00     8    0 261
368    1    828.35    58    0 308 296 315 319 299 291 303 281 317 288 313 304
368    2    217.93    58    0 293 295 300 311 284 283 285
368    3    538.60    60    0 290 292 287 289 314 305 294 298 307 316 310 302
368    4   1044.16    41    0 320 282 286 312 301 309 306 297 318
369    1    471.79    53    0 357 339 353 356 332 321 322 334 343 359 360
369    2   1656.71    50    0 333 355 331 344 358 342 345 349 346 325 348 352 354
369    3    291.41    58    0 327 351 323 340 329 335 341 330
369    4    372.99    56    0 337 338 324 350 336 347 328 326
