11722.37
361    1    195.05     5    0 18 38
361    2    202.91    22    0 11 20 10 28
361    3    209.82    15    0 27 3 36
361    4    243.31    18    0 19 31 12 21
361    5    183.34    40    0 13 23 17 2 1
361    6    232.51     2    0 35 39
361    7    229.02    11    0 26 15 40
361    8    142.82    24    0 14 5 24
361    9    261.24    12    0 25 16 30
361   10    183.24    17    0 8 37 22
361   11    170.71     2    0 33 34
361   12    188.10    12    0 9 29 32
361   13     96.57    48    0 4 7 6
362    1    145.37    20    0 43 63 58
362    2    180.00     3    0 71 74
362    3    205.06     3    0 77 65
362    4    165.26    15    0 44 66 76
362    5    241.42     2    0 80 75
362    6    273.53    41    0 78 41 48 45 57
362    7    230.60    15    0 72 42 79
362    8    195.60     5    0 59 73
362    9    161.70    20    0 49 51 64
362   10    167.35    14    0 60 50 67
362   11    184.72    24    0 47 55 68 69
362   12    181.42    30    0 70 46 54 56
362   13    154.05    24    0 62 52 53 61
363    1    189.30    11    0 106 94 119
363    2    226.26    29    0 104 86 83 116
363    3    130.60    14    0 82 112
363    4    177.21    30    0 105 84 90 91
363    5    246.10    33    0 113 92 96 87 103
363    6    180.00     7    0 108 100 117
363    7    205.06     3    0 110 114
363    8    195.05     5    0 101 118
363    9    156.96    15    0 88 115 107
363   10    149.02    28    0 89 97 93 95
363   11    163.07    28    0 81 85 109 111
363   12    187.28    12    0 98 99 102
363   13    141.42     1    0 120
364    1    205.06     3    0 154 150
364    2    269.79    26    0 144 129 127 147
364    3    156.25    18    0 133 152 134
364    4    282.84     2    0 160 153
364    5    203.35    28    0 146 126 122 151
364    6    172.14    16    0 131 140 141
364    7    166.06    29    0 156 137 125 124
364    8    232.51     2    0 158 157
364    9    269.90     6    0 155 142 159
364   10    197.73    26    0 148 135 130 136
364   11    186.01     4    0 149 145
364   12    165.46    48    0 128 139 132 121 123
364   13    120.00     8    0 143 138
365    1    188.10    18    0 169 174 192
365    2    204.72    11    0 175 188 197
365    3    222.85    23    0 191 170 166 199
365    4    149.57    11    0 173 187 195
365    5    226.27     5    0 177 200
365    6    173.86    26    0 165 172 178 185
365    7    223.70    46    0 189 167 168 183 164 182
365    8    261.62    32    0 190 163 179 162 186
365    9    208.57    29    0 194 176 171 161
365   10    195.05     5    0 193 181
365   11    234.07     9    0 198 180 184
365   12    200.00     2    0 196
366    1    188.10    12    0 232 211 229
366    2    169.71     6    0 227 217
366    3    170.71     2    0 237 240
366    4    147.80     3    0 225 234
366    5    217.05    45    0 205 220 212 214 202 236
366    6    226.79    20    0 224 222 210 221
366    7    168.93    38    0 208 201 209 218 228
366    8    226.27     5    0 238 219
366    9    172.93    15    0 204 226 233
366   10    195.05     5    0 223 235
366   11    148.10    10    0 216 230
366   12    230.10    31    0 213 215 239 203 231
366   13     68.28    36    0 207 206
367    1    148.68    10    0 250 272
367    2    190.91    42    0 249 268 245 244 251
367    3    188.10    16    0 252 262
367    4    186.01     4    0 267 271
367    5    147.80    30    0 258 265 241 246
367    6    228.48     6    0 274 279 264
367    7    274.42    23    0 266 254 247 273
367    8    146.01    20    0 248 263 259
367    9    226.27     5    0 257 280
367   10    201.98    14    0 277 242 276
367   11    251.91    23    0 255 269 243 278
367   12    230.72    13    0 260 256 275
367   13    167.19    14    0 270 261 253
368    1    153.14    20    0 292 294 299
368    2    181.93    12    0 297 301 303
368    3    147.80    11    0 317 307 291
368    4    176.95    28    0 296 302 284 298
368    5    158.81    13    0 285 318
368    6    154.03     3    0 309 319
368    7    241.31    15    0 315 282 305
368    8    161.70     3    0 320 311
368    9    203.59    29    0 300 283 287 314
368   10    129.02    14    0 288 310
368   11    276.73    10    0 313 293 316
368   12    235.34    34    0 304 281 308 290 295
368   13    150.90    22    0 289 286 306
368   14    113.14     2    0 312
369    1    117.68    18    0 324 342 348
369    2    224.97    34    0 357 333 323 321 359
369    3    213.67     3    0 353 351
369    4    167.19     6    0 340 352
369    5    276.55    25    0 339 343 344 325 354
369    6    156.96    22    0 326 335 347
369    7    131.53    18    0 330 346 334
369    8    193.14     4    0 345 350
369    9    200.10    23    0 349 328 329 356
369   10    144.74    13    0 327 360
369   11    236.88    25    0 355 322 338 336
369   12    288.48    21    0 358 331 332 337
369   13    120.00     8    0 341
