6510.44
1    1    178.99    54    0 8 16 24 32 40 37 29 21 13 3
1    2    174.79    54    0 5 11 19 27 35 34 26 18 10 2
1    3    170.71    54    0 7 15 23 31 39 38 30 22 14 6
1    4    170.71    54    0 4 12 20 28 36 33 25 17 9 1
2    1    170.71    54    0 47 55 63 71 79 78 70 62 54 46
2    2    170.71    54    0 41 49 57 65 73 76 68 60 52 44
2    3    161.70    53    0 48 56 64 72 80 69 61 53 45
2    4    170.71    54    0 43 51 59 67 75 74 66 58 50 42
3    1    176.57    54    0 87 86 94 102 110 118 119 111 103 95
3    2    176.57    58    0 84 81 89 97 105 113 114 106 98 82
3    3    144.74    39    0 88 96 104 112 120 85
3    4    170.71    42    0 83 91 99 107 115 117 109 101 93
3    5    143.25    24    0 90 77 116 108 100 92
4    1    147.80    53    0 124 132 140 148 156 145 137 129 121
4    2    170.71    54    0 123 131 139 147 155 154 146 138 130 122
4    3    176.08    54    0 128 136 144 160 152 157 149 141 133 125
4    4    170.71    54    0 127 135 143 151 159 158 150 142 134 126
5    1    178.31    54    0 164 172 188 196 180 199 191 183 175 167
5    2    170.71    54    0 161 169 177 185 193 194 186 178 170 162
5    3    141.42    27    0 163 171 195 187 179
5    4    158.81    28    0 166 174 182 190 198 153
5    5    170.71    54    0 165 173 181 189 197 200 192 184 176 168
6    1    170.71    54    0 205 213 221 229 237 240 232 224 216 208
6    2    170.71    54    0 203 211 219 227 235 234 226 218 210 202
6    3    170.71    54    0 201 209 217 225 233 236 228 220 212 204
6    4    170.71    54    0 207 215 223 231 239 238 230 222 214 206
7    1    170.71    54    0 243 251 259 267 275 277 269 261 253 245
7    2    170.71    54    0 244 252 260 268 276 278 270 262 254 246
7    3    133.01    48    0 248 256 314 279 271 263 255 247
7    4    141.42     7    0 264 272 280
7    5    170.71    54    0 241 249 257 265 273 274 266 258 250 242
8    1    183.07    54    0 285 295 303 311 319 318 310 302 294 286
8    2    161.70    53    0 282 290 298 306 315 307 299 291 283
8    3    176.57    54    0 287 288 296 304 312 320 317 309 301 293
8    4    170.71    54    0 281 289 297 305 313 316 308 300 292 284
9    1    170.71    54    0 322 330 338 346 354 355 347 339 331 323
9    2    170.71    54    0 328 336 344 352 360 357 349 341 333 325
9    3    170.71    54    0 324 332 340 348 356 353 345 337 329 321
9    4    170.71    54    0 326 334 342 350 358 359 351 343 335 327
