1401.57
51    1    109.59    62    0 19 17 42 37 25
51    2     84.55    60    0 13 15 41
51    3    231.05    74    0 18 45 4 40
51    4     44.72    32    0 44
52    1     93.36    79    0 23 1 27 12 32
52    2     97.06    71    0 14 43 26 48 6
52    3    210.90    80    0 8 11 7
52    4    220.15    62    0 47 46 24 31
53    1     80.64    65    0 39 10 16 50 5
53    2     63.84    67    0 34 49 33
53    3     68.85    56    0 38 30 9
54    1    100.82    51    0 29 22 35 28 36
54    2     96.19    74    0 2 20 21
54    3     64.50    32    0 3
