2303.87
76    1     57.73   136    0 4 75 34 46 68 67
76    2     76.98   131    0 75 6 6 2 52 68 26
76    3     85.93   140    0 26 34 17 2 46 67
76    4    116.11    88    0 4 17 52
77    1    190.06   137    0 20 61 69 15 36 36 27 30 29 69
77    2    245.16   131    0 5 61 30 20 70 48 74
77    3    369.86   140    0 48 71 29 27 74 37 45 70 71 57
77    4    165.82   136    0 21 37 60 57 21 13 47 15
77    5    164.65   107    0 45 13 60 47 5
78    1     75.76   114    0 65 11 8 7 11
78    2     88.96   131    0 66 53 14 10 7
78    3    104.19   135    0 19 59 38 66 35 19 35
78    4    223.80   135    0 58 8 59 10 38
78    5    175.85   136    0 14 54 54 53 65 58
79    1    128.11   138    0 39 9 50 40 51 3 72 25
79    2    335.10   128    0 44 25 49 31 32 72 16
79    3    262.35   140    0 40 3 16 55 39 24
79    4    179.52   119    0 9 55 51 49 32 18 31
79    5    218.97   124    0 24 44 50 12 12 18
80    1    104.00   138    0 43 42 56 33 41 28 22
80    2     95.64   128    0 1 63 62 33 22 23 1 43
80    3    300.43   133    0 41 56 63 73 42 73 64 62 23
80    4    108.32    86    0 64 28
