1034.13
1    1     55.44   100    0 53 14 91 85 61 21
1    2     86.04    94    0 55 25 39 72 12 17 40
1    3     42.60    99    0 37 100 98 93 59 92 97
1    4     72.91    99    0 94 6 51 16 23 56 41
1    5    100.05   126    0 57 15 5 84 44 86 43 22
1    6     88.31    86    0 42 64 62 73 75 4 2
1    7     56.71    84    0 13 54 46 67 26
1    8     41.73    84    0 58 96 99 95 87
2    1     77.80   100    0 30 90 32 24 49 63 1
2    2     69.13    93    0 80 68 45 83 60 71 69
2    3     97.17    98    0 52 8 19 35 7 34 78 29 74 28
2    4     63.31    98    0 82 48 47 36 20 70
2    5     61.28    98    0 88 11 66 65 38 10
2    6     53.95   100    0 76 77 3 79 81 33
2    7     67.70    99    0 31 9 50 18 89 27
