904.76
101    1    449.25   197    0 13 89 63 84 60 47 95 88 14 17 91 36 99 46 86 98
101    2    852.78   193    0 62 10 8 38 37 59 64 16 45 97 96 90 6 11
101    3    548.15   187    0 94 5 93 32 61 49 42 57 100
101    4    685.04   192    0 85 87 7 15 31 43 82 44 18 27
101    5    355.81    84    0 48 52 83 2 19 92
102    1    393.44   198    0 65 69 39 80 23 9 3 53 58 21 30 70 35
102    2    831.76   195    0 72 33 20 29 66 26 71 22 24 81 4 74 41
102    3    307.68   200    0 34 54 67 76 1 77 68 56 12 25 50 28 51
102    4    338.89    87    0 55 40 78 73 75 79
