1903.20
101    1    114.76    88    0 18 57 97 59 61 38
101    2     70.12    69    0 86 44 37
101    3     42.25    81    0 85 14 95
101    4    137.00    91    0 5 6 15 17 91 99 94 89
101    5    231.54    96    0 83 87 42 84 45 8 96
101    6    339.27    83    0 100 13 16 60 98 92 43 46
101    7     20.00    44    0 93
102    1    117.18    83    0 67 26 73 74 25 54
102    2    332.59    96    0 22 80 56 23 24 29 21 2
102    3     93.14    87    0 12 58 68 53
102    4     63.22    98    0 75 39 4 41 72
102    5     95.22    13    0 40 55
103    1    159.17    89    0 28 82 63 3 30 50
103    2    176.42    91    0 47 76 49 7 27
103    3    637.63    97    0 65 78 64 52 34 88 19 35
103    4    143.26    94    0 10 90 48 31 69
103    5    126.28    99    0 66 1 32 9 71 51
103    6    211.34    90    0 11 70 81 20 36 77 62
103    7     93.98    45    0 79 33
