6302.67
1    1    262.50   495    0 225 233 217 226 234 211 219 227 235 185 193
1    2    296.88   439    0 69 102 118 80 72 64 56 55 71 79 78 70 62
1    3    271.15   490    0 16 24 32 40 113 61 53 43 42 54
1    4    263.81   485    0 26 18 19 27 153 198 190 166 167 164 177
1    5    243.17   486    0 163 168 176 197 189 173 162 170 194 195
1    6    204.73   495    0 125 123 122 124 121 130 146 191 175 183
1    7    157.24   465    0 73 65 57 49 66 58
1    8    206.55   452    0 2 1 12 36 9 10 3 5 8
1    9    184.01   281    0 38 30 15 31 39
1   10    173.79   425    0 112 104 103 96 101 83 82
1   11    294.34   495    0 84 90 99 106 114 159 135 136 133 131 157
1   12    289.78   450    0 224 137 129 148 150 29 13 11
1   13    175.62   492    0 237 221 213 205 203 201 204 206 207 215 223
1   14    292.84   486    0 214 220 228 230 33 238 248 242 244 241 249
2    1    271.60   498    0 141 149 138 127 126 132 134 142 151 143
2    2    252.96   464    0 216 231 239 232 240 180 172 169 161
2    3    263.99   450    0 25 34 17 28 20 4 7 6 23 14 22
2    4    211.85   396    0 63 46 47 48 45 50 41 76 68 60 52 44
2    5    209.16   492    0 91 98 89 81 92 100 108 77 116
2    6    289.16   491    0 200 192 184 155 147 139 145 35 156
2    7    299.69   483    0 74 51 59 67 75 97 105 158 21 37
2    8    222.34   450    0 111 119 110 94 86 95 87 88 85 93
2    9    289.07   492    0 120 117 109 107 115 160 152 144 128 140
2   10    197.83   461    0 165 181 171 178 186 187 179
2   11    232.95   499    0 246 247 245 243 236 209 212 222
2   12    245.67   494    0 199 154 182 174 188 196 229 202 210 218 208
