5114.23
250    1    247.24   338    0 174 25 44 92 158
250    2    346.65   331    0 126 196 222 227 117 199
250    3    287.83   259    0 240 212 178 141
250    4    319.46   278    0 45 20 179 97
250    5    328.29   238    0 143 60 16 23 243
250    6    281.03   342    0 128 236 120 210 37 132 109
250    7    323.29   191    0 6 22 171 107 29
250    8    262.89   206    0 165 111 41 48 181
250    9    276.30   249    0 14 98 85 161 105 110
250   10    222.47    65    0 116 200 169
251    1    316.78   274    0 11 55 67 113 168 10
251    2    297.36   255    0 43 194 219 136 131
251    3    272.84   203    0 17 122 201 146
251    4    320.20   232    0 80 176 175 59 47 56 52
251    5    252.95   290    0 75 225 42 214 226 32
251    6    259.70   247    0 238 162 38 39 84
251    7    294.95   303    0 147 78 40 15 66 127
251    8    329.87   234    0 233 24 223 103 134
251    9    291.42   195    0 242 102 241 51 159
251   10    170.88    70    0 197
252    1    321.27   129    0 46 87 245 7
252    2    292.06   141    0 77 154 94
252    3    281.58   439    0 182 192 119 95 63 246 28 35
252    4    297.21   222    0 149 208 164 86
252    5    295.46   234    0 152 88 160 34 91
252    6    254.16   116    0 218 4 93 50 151
252    7    324.84   374    0 76 188 156 239 180 144 247
252    8    201.28   297    0 216 187 184
253    1    248.09   184    0 13 195 193 65
253    2    254.92   258    0 157 190 230 248 167
253    3    267.90   155    0 235 150 96 83
253    4    217.23   273    0 177 69 163 106 183
253    5    343.27   240    0 249 18 220 173 89
253    6    331.15    76    0 228 203 189 118
253    7    308.70   305    0 224 204 137 62 135 237 26
253    8    272.60   344    0 121 82 112 3
253    9    357.66   354    0 58 8 123 148 9 36 57
253   10    246.34   483    0 27 217 73 54 153 2 64 198
253   11    279.94   369    0 206 125 114 101 53 170
254    1    298.29   113    0 234 70 74 33 213
254    2    295.91   186    0 133 229 90 108 81
254    3    282.00   432    0 215 129 19 185 207 49
254    4    190.31    94    0 155 139
254    5    319.24   170    0 12 145 68 172 231
254    6    241.81   280    0 142 205 79 211 138
254    7    267.56    96    0 30 232 1 124
254    8    249.88   218    0 202 186 5 166
254    9    212.02    91    0 31 99 130
254   10    315.18   358    0 140 100 244 72 61 209
254   11    286.66   161    0 115 71 104
254   12    170.08   219    0 21 191 221
