907.12
81    1    806.55    60    0 33 17 35 29 4 19 38 28 5 32 26 36 20 1
81    2    890.13    58    0 24 27 7 6 22 3 16 25
81    3   1005.55    58    0 11 8 12 34 31 30 15 40 13 18
81    4    763.90    50    0 14 9 10 21 39 2 37 23
82    1    743.98    49    0 59 62 75 63 52 51 61 41 79 66 76
82    2   1533.52    59    0 46 72 78 54 48 64 60 74 70 50 73 67
82    3    226.37    49    0 49 43 56 55 77 47
82    4   1069.67    57    0 44 65 42 58 68 69 80 45 71 57
82    5     80.00    16    0 53
