3005.02
81    1    138.77    14    0 22 31 13
81    2    248.68    11    0 32 10 39
81    3    215.15    11    0 29 11 40
81    4    130.60    14    0 2 30
81    5    172.14    14    0 16 20 26
81    6    234.88    27    0 27 8 7 34
81    7    150.91    48    0 14 6 1 4 17
81    8    167.19     6    0 21 25
81    9    129.22    21    0 15 37 3
81   10    195.05     5    0 33 23
81   11    141.42    12    0 9 24
81   12    120.00     6    0 18 28
81   13    285.75    10    0 35 12 38
81   14    176.96    20    0 5 19
81   15    100.00     1    0 36
82    1    141.42     1    0 75
82    2    152.27    40    0 47 60 61 51 43
82    3    168.28    17    0 55 52 77
82    4    205.87    16    0 70 48 68
82    5    194.25    42    0 41 46 71 42 59
82    6    127.80     6    0 72 63
82    7    141.42     3    0 65 73
82    8    154.03     3    0 66 76
82    9    120.74    12    0 53 57
82   10    258.02    11    0 80 50 67
82   11    179.47    17    0 62 44 74
82   12    169.71    16    0 56 64
82   13    141.42     9    0 78 54
82   14    158.42    26    0 69 58 49 45
82   15    100.00     1    0 79
