5409.53
161    1    186.01     4    0 31 25
161    2    156.57    38    0 12 10 11 29 4
161    3    206.11    15    0 37 8 27
161    4    164.37    13    0 15 20 39
161    5    152.33    13    0 13 34 17
161    6    188.19    30    0 19 7 26 3
161    7    193.42    17    0 36 2 24
161    8    148.10    10    0 14 32
161    9    156.96    13    0 1 38
161   10    144.74    13    0 5 40
161   11    154.56     5    0 35 21
161   12    224.95    16    0 28 16 22 30
161   13    202.73    21    0 9 6 33
161   14    120.00     8    0 18 23
162    1    255.34    15    0 65 45 75
162    2    203.62    38    0 43 59 41 54 70
162    3    252.47    44    0 63 44 61 56 42 64
162    4    120.00     7    0 74 58 66
162    5    141.42     3    0 80 72
162    6    200.00     4    0 68 76
162    7    176.73     9    0 53 73
162    8    170.71     2    0 77 79
162    9    237.99    30    0 49 51 46 67
162   10    141.42     5    0 62 78
162   11    201.12    44    0 48 52 57 50 60 55
162   12    151.23    16    0 69 47 71
163    1    195.60     5    0 99 113
163    2    143.35    21    0 93 87 117
163    3    205.13    54    0 100 85 82 83 88 106
163    4    169.91    13    0 119 94 101
163    5    204.67    18    0 110 89 96
163    6    154.87    34    0 84 81 91 108
163    7    186.11     7    0 103 116 105
163    8    120.00    13    0 98 90 114
163    9    141.42     5    0 104 120
163   10    121.29    10    0 95 112
163   11    144.85     8    0 102 97
163   12    161.70     3    0 118 111
163   13    141.42     3    0 115 107
163   14    128.28    22    0 109 92 86
164    1    158.90    22    0 131 121 145
164    2    246.70    10    0 150 141 137
164    3    140.74    16    0 138 130 144
164    4    144.74    13    0 124 153
164    5    175.62    30    0 135 149 126 129
164    6    232.51     2    0 155 159
164    7    173.14    18    0 127 152 142
164    8    232.51     2    0 154 158
164    9    154.56     5    0 143 160
164   10    177.87     5    0 156 139
164   11    214.88    28    0 148 125 128 147
164   12    184.72    22    0 133 132 146 140
164   13    222.62    42    0 123 134 136 122 151
164   14    200.00     2    0 157
