8815.03
241    1    121.29    10    0 15 32
241    2    178.99    30    0 27 3 5 20
241    3    138.31     5    0 23 37
241    4    141.42     5    0 38 22
241    5    195.60     5    0 35 17
241    6    195.75     7    0 24 29 40
241    7    148.68    10    0 10 30
241    8    191.53    14    0 21 28 11
241    9    170.50    32    0 2 12 16 19
241   10    189.71    25    0 6 8 33
241   11    131.53    10    0 14 26
241   12    186.01     4    0 31 25
241   13    165.97    45    0 9 34 4 7 1
241   14    170.71     2    0 39 36
241   15    172.11    20    0 18 13
242    1    141.42     1    0 80
242    2    170.00    32    0 42 60 48 62
242    3    160.00    12    0 55 71
242    4    217.83     3    0 65 75
242    5    170.91    29    0 77 51 46 54
242    6    254.56     3    0 78 67
242    7    147.80     3    0 72 79
242    8    226.27     5    0 73 64
242    9    153.56    30    0 44 66 43 59
242   10    173.42    42    0 41 69 45 52 49
242   11    160.00     5    0 61 76
242   12    154.56    16    0 56 58 57
242   13    165.26    15    0 47 68 74
242   14    127.80     6    0 63 70
242   15    136.57    24    0 53 50
243    1    147.80     3    0 119 110
243    2    171.23    19    0 100 85 106 114
243    3    222.79    13    0 103 93 113
243    4    169.71     6    0 107 104
243    5    148.10    10    0 94 105
243    6    202.03    17    0 118 92 91
243    7    131.62    30    0 84 108 97 87
243    8    195.60     5    0 120 102
243    9    154.56     5    0 115 101
243   10    169.71    10    0 89 112
243   11    184.72    12    0 109 90 111
243   12    153.61    29    0 81 82 117 99
243   13    176.90    44    0 96 83 95 88 98
243   14    105.37    13    0 86 116
244    1    154.56     5    0 138 155
244    2    184.74    21    0 130 127 160
244    3    140.10    32    0 141 135 128 131
244    4    124.85    20    0 142 134 136
244    5    120.74    12    0 132 139
244    6    170.71     2    0 156 153
244    7    275.96    51    0 158 121 122 124 126 150
244    8    160.00     5    0 143 154
244    9    130.60    14    0 125 145
244   10    235.94    13    0 157 129 144
244   11    194.30    17    0 159 137 123
244   12    180.00    14    0 148 133 140
244   13    186.01     4    0 146 152
244   14    186.01     4    0 151 147
244   15    160.00     4    0 149
245    1    175.56    25    0 167 168 193
245    2    234.05    14    0 198 161 196
245    3    100.00     3    0 186 194
245    4    220.42    17    0 195 183 163
245    5    169.71     8    0 184 177
245    6    188.84    34    0 187 165 166 176
245    7    116.57    14    0 164 190
245    8    143.25    18    0 189 169 172
245    9    223.06    12    0 192 171 191
245   10    199.51    12    0 180 181 182
245   11    170.71     2    0 199 197
245   12    173.14    32    0 179 174 175 162
245   13    213.67     3    0 200 188
245   14    127.80     6    0 178 185
245   15    136.57    24    0 170 173
246    1    139.51     8    0 221 222
246    2    132.91    44    0 209 220 206 213 203
246    3    205.06     3    0 227 239
246    4    144.74    13    0 205 235
246    5    213.67     3    0 229 233
246    6    130.60    22    0 202 232 216
246    7    147.80     3    0 230 236
246    8    175.63    30    0 225 212 204 211
246    9    132.36    22    0 223 214 215 231
246   10    269.48    14    0 238 207 240
246   11    201.82    15    0 234 208 226
246   12    177.90    25    0 201 217 210 237
246   13    199.51    10    0 224 218 228
246   14    169.71     8    0 219
