3731.38
361    1    474.15    50    0 6 27 26 11 14 33 17 5 36
361    2   1339.73    56    0 8 39 34 28 30 40 7 13 2 35 32
361    3    397.09    59    0 1 10 16 37 4 9 29 20 18
361    4   1227.61    57    0 25 24 12 21 3 31 38 15 23 22 19
362    1    954.85    51    0 56 67 53 65 58 57 78 66 79 62 75 54 61 72
362    2   1177.92    56    0 41 73 64 50 80 70 51 43 63
362    3    401.12    60    0 45 47 55 74 68 59 77 46 49
362    4    578.71    55    0 48 69 42 52 76 44 60 71
363    1    809.58    60    0 105 115 92 110 106 118 104 89 88 103 86 99
363    2   1267.08    59    0 81 95 98 112 116 108 87 91 119 117 102
363    3    819.86    50    0 93 90 84 114 113 83 109 101 120
363    4    934.25    60    0 85 100 82 94 107 111 97 96
364    1    482.06    51    0 147 125 156 151 142 127 143 134 150 137
364    2   1005.97    54    0 124 149 144 130 140 128 129 152 154
364    3    687.26    59    0 136 146 160 123 138 159 133 145 122 153 132
364    4   1227.64    57    0 135 148 126 131 157 158 155 121 141 139
365    1    505.72    57    0 173 196 195 164 162 189 181 194 172 170
365    2   1271.15    59    0 177 186 168 171 185 193 178 197 182 167 199 179
365    3    907.25    55    0 174 180 188 163 166 192 184 198 191 183 190
365    4    654.11    52    0 169 161 165 187 176 175 200
366    1    449.59    60    0 212 235 201 218 202 207 233 228 213
366    2    494.19    60    0 217 215 221 222 230 220 205 209 232 204
366    3    705.00    59    0 224 225 211 226 210 219 206 238 234 227 239 231 208
366    4    842.40    41    0 229 240 203 236 214 237 216 223
367    1    308.09    53    0 251 249 264 274 241 250 243
367    2   1114.43    53    0 255 268 256 245 262 273 263 254 270 269
367    3   1696.22    55    0 244 279 246 272 247 275 257 271 266 280 259 276
367    4    541.55    58    0 248 252 265 267 260 278 277 261 258 242 253
368    1    658.26    59    0 315 318 299 301 292 296 291 320 283 282
368    2    938.64    57    0 284 281 290 286 311 313 310 300 307
368    3   1423.88    57    0 289 295 293 316 285 308 304 305 309 303 302 319
368    4   1008.27    58    0 294 297 306 312 298 288 317 314 287
369    1    438.49    51    0 344 334 352 356 342 331 326 328
369    2   1216.80    53    0 327 350 325 333 339 351 355 348 347 338
369    3   1779.91    59    0 322 335 354 329 343 346 336 345 341 353 360 337
369    4    436.63    60    0 323 358 349 359 330 332 324 321 340
369    5    200.00     2    0 357
