11721.49
361    1    177.87     5    0 34 22
361    2    144.74    13    0 5 35
361    3    128.48    16    0 12 23 21
361    4    217.83     3    0 33 27
361    5    186.01     4    0 32 26
361    6    252.96    27    0 38 2 4 29
361    7    148.10    30    0 6 14 28 16
361    8    187.28    16    0 17 20 18 19
361    9    197.29    30    0 9 31 10 8
361   10    172.11     6    0 39 24 37
361   11    144.74    13    0 7 40
361   12    144.97    25    0 1 3 36
361   13    174.30    18    0 11 15 30
361   14    148.68    10    0 13 25
362    1    177.87     9    0 60 76 59
362    2    183.72    18    0 46 66 64
362    3    178.31     6    0 74 58 77
362    4    184.76    40    0 48 47 71 54 68 57
362    5    195.63    30    0 72 55 63 53 50
362    6    230.31    11    0 70 52 73
362    7    241.31    15    0 65 42 75
362    8    161.07    17    0 43 61 80
362    9    151.09     9    0 49 79
362   10    136.57     4    0 67 69
362   11    261.41    25    0 62 44 56 78
362   12    184.54    40    0 45 41 51
363    1    154.14    29    0 100 84 87 119
363    2    159.81    14    0 99 91 108
363    3    104.72    10    0 93 111
363    4    161.70     3    0 115 106
363    5    156.96    13    0 86 113
363    6    200.59    41    0 83 103 85 81 114
363    7    181.29    47    0 82 89 88 96 101 109 117
363    8    169.71    10    0 94 107
363    9    123.85     9    0 95 116
363   10    197.99     6    0 112 97
363   11    193.14     4    0 110 105
363   12    276.84    25    0 118 90 98 92 102
363   13    141.42     5    0 120 104
364    1    161.70     3    0 151 158
364    2    200.00     4    0 146 154
364    3    273.36     6    0 160 140 159
364    4    205.25    29    0 131 133 128 155
364    5    179.64    30    0 123 150 142 143 134
364    6    142.85    26    0 130 126 141 149
364    7    141.42     9    0 153 129
364    8    234.88    33    0 157 138 122 125 137
364    9    186.01    16    0 124 148 147
364   10    149.02    14    0 152 144 132
364   11    123.85     9    0 135 156
364   12    256.21    26    0 139 127 136 145
364   13     56.57    24    0 121
365    1    213.67     3    0 186 198
365    2    180.00     3    0 196 189
365    3    301.77    35    0 193 165 173 162 190
365    4    226.27     4    0 192 185
365    5    141.42     3    0 195 187
365    6    205.91    23    0 194 188 167 176
365    7    157.08    20    0 164 179 180
365    8    183.19    29    0 181 168 163 199
365    9    191.41    24    0 169 182 183 171
365   10    281.93    34    0 200 166 172 161 197
365   11    160.00    18    0 175 170 191
365   12    154.56    16    0 177 178 174
365   13    169.71     8    0 184
366    1    173.42    30    0 215 226 206 214
366    2    205.06     3    0 239 225
366    3    173.32    27    0 205 203 229 240
366    4    169.71     6    0 224 230
366    5    222.72    37    0 216 234 204 210 212
366    6    127.80     6    0 232 223
366    7    232.51     2    0 235 236
366    8    202.03    14    0 217 213 227
366    9    161.70     3    0 231 238
366   10    198.90    24    0 202 220 222 219
366   11    232.51     2    0 233 237
366   12    223.41    46    0 208 218 221 207 201 228
366   13    193.14    24    0 211 209
367    1    139.18    24    0 248 251 264
367    2    195.05     5    0 260 280
367    3    141.42     5    0 275 259
367    4    208.10    18    0 257 266 255 262
367    5    221.59    15    0 272 244 279
367    6    116.57    14    0 242 265
367    7    180.00     3    0 271 274
367    8    181.42    17    0 254 249 273
367    9    120.00    13    0 245 276
367   10    226.27     4    0 267 270
367   11    227.33    52    0 269 241 268 252 247 256 253
367   12    195.05     5    0 258 278
367   13    151.14    37    0 261 277 243 250 246
367   14    120.00     8    0 263
368    1    180.64    18    0 301 311 300 294
368    2    128.48     5    0 297 314
368    3    227.48    26    0 303 287 291 310
368    4    136.57     4    0 312 309
368    5    170.71     2    0 318 316
368    6    160.00    34    0 282 307 285 292
368    7    232.51     2    0 315 319
368    8    230.31    31    0 289 293 283 305 313
368    9    228.08    24    0 302 298 296 290
368   10    144.92    17    0 288 299 317
368   11    213.67     3    0 306 320
368   12    239.81    50    0 295 281 304 284 286 308
369    1    113.14     2    0 350
369    2    185.50    15    0 360 336 341 349
369    3    186.20    41    0 330 328 357 322 332
369    4    245.50     7    0 347 340 354
369    5    147.80     3    0 345 356
369    6    119.81    18    0 323 346 337
369    7    217.83     3    0 352 358
369    8    207.48    44    0 339 326 324 325 344
369    9    229.97    17    0 355 321 342
369   10    160.00    12    0 335 351
369   11    227.27    23    0 353 348 327 329
369   12    231.73    21    0 359 331 334 343
369   13    172.11    20    0 338 333
