14945.96
1    1    141.42    21    0 1 9 33
1    2    171.69    27    0 75 32 21 13 5
1    3    100.00    15    0 2 26 34
1    4    141.42     5    0 22 38
1    5    206.55    17    0 19 16 24 40
1    6    187.28    18    0 7 17 30
1    7    157.00    45    0 39 6 4 12 8
1    8    170.91    19    0 28 36 14 11
1    9    182.22    15    0 37 3 31
1   10    173.86    18    0 25 18 10 20
1   11    201.70    15    0 15 23 29 35
1   12    113.14     2    0 27
2    1    117.21    28    0 42 51 54
2    2    172.52    22    0 59 67 116 77 69 47
2    3    170.71    12    0 49 65 73 74
2    4    140.00    11    0 60 76 68 58
2    5    161.70     5    0 70 78 71
2    6    111.62    24    0 63 45 52
2    7    142.33    26    0 50 66 41 57
2    8    166.66    38    0 46 61 53 72 48
2    9    170.71    10    0 55 79 80
2   10     56.57     8    0 56
2   11    187.99    32    0 64 43 44 62
3    1    141.42     1    0 113
3    2    169.71     8    0 104 97
3    3    100.00    13    0 114 82
3    4    158.90    38    0 81 95 86 102 110
3    5    127.80     6    0 100 105
3    6    197.99     9    0 89 120
3    7    178.75    13    0 92 111 119 108
3    8    138.75    22    0 84 112 93
3    9    141.42    15    0 91 115 107 99
3   10    170.90    39    0 94 88 87 117 109 101
3   11    195.05    13    0 90 98 118
3   12     74.05    20    0 96 83
3   13    142.85    18    0 106 85 103
4    1    174.14    18    0 124 145 153 154 146
4    2    141.42    13    0 131 139 155
4    3    177.87    39    0 121 129 137 157 149 125
4    4    130.71    26    0 147 122 123
4    5    161.70    45    0 127 135 151 160 152 136 128
4    6    170.71    20    0 134 142 150 158 156 140
4    7    186.28    21    0 138 141 133 159 143
4    8    194.65    34    0 130 144 126 148 132
5    1    165.37    30    0 166 161 181 186
5    2    179.47    13    0 179 169 194
5    3    170.71     2    0 197 200
5    4    169.71    15    0 168 193 185
5    5    158.58     6    0 189 177
5    6    158.88    25    0 164 162 195
5    7    208.68    14    0 178 175 187
5    8    164.54    34    0 174 182 191 172 163
5    9    204.72    11    0 188 170 199
5   10    151.09    13    0 176 196 180
5   11    150.71    34    0 173 165 167 192
5   12    141.42     3    0 198 190
5   13    154.56    16    0 184 183 171
6    1    174.54    29    0 212 220 215 223 239 224
6    2    170.71    14    0 213 229 237 235 227
6    3    141.42     3    0 232 240
6    4    174.05    42    0 219 204 201 226 218 210
6    5    160.00     7    0 221 228 236
6    6    141.42    11    0 209 225 233
6    7    185.39    33    0 206 214 207 238
6    8    169.71    10    0 217 230 222
6    9    114.05    28    0 208 211 216
6   10    207.35    39    0 203 231 205 234 202
7    1    156.96    31    0 241 275 267 259 243
7    2    151.14    35    0 254 248 277 269 261 253
7    3    100.00     1    0 276
7    4    144.74    19    0 244 273 265 257
7    5    113.14     6    0 262 270
7    6    124.72    14    0 266 252 260
7    7    189.02    29    0 242 250 255 278
7    8    165.50    31    0 247 263 256 264 280 272
7    9    194.58    29    0 274 245 246 258
7   10    171.53    18    0 249 251 268
7   11    100.00     3    0 271 279
8    1    141.42     7    0 310 318 302
8    2    154.25    39    0 291 299 314 306 298 290 288
8    3    105.37    44    0 294 287 283 284
8    4    170.71    18    0 307 315 317 309 301 293
8    5    215.18    33    0 295 282 286 320
8    6    159.42    33    0 296 304 312 319 311 303 285
8    7    170.71    42    0 281 289 297 305 313 316 308 300 292
9    1    159.18    40    0 331 344 335 332 324
9    2    158.31    43    0 333 341 359 351 343 327 322
9    3    179.71    33    0 340 348 356 329 346 338 326
9    4    190.42    20    0 321 354 337 353 345
9    5    316.57    22    0 358 355 336 328
9    6    160.00    15    0 357 325 349
9    7    141.42     3    0 360 352
9    8    161.42    34    0 334 342 350 323 330
9    9    113.14     6    0 339 347
